x = 14.1046686
y = 5.20885277
z = 0.567461133
horizontalAngle = -728.854736
verticalANgle = -120.005180